First list: overall accuracy 
Second list: accuracy for "1" - (% correct when the real data is "1")
Third list: accuracy for "0" 

TFIDF, 300 nodes

[0.7608095676172953, 0.7378104875804968, 0.9089236430542779, 0.8491260349586016, 0.8712051517939282, 0.9475620975160993, 0.9402023919043239, 0.8969641214351426, 0.9346826126954921]
[0.7105263157894737, 0.12962962962962962, 0.0, 0.0, 0.0, 0.0, 0.0, 0.042735042735042736, 0.0]
[0.824634655532359, 0.9960681520314548, 1.0, 1.0, 1.0, 1.0, 1.0, 1.0, 1.0]


0.252989880405

~400second

---------- Bigram, 300 nodes--------
[0.7709291628334867, 0.8509659613615456, 0.9172033118675254, 0.8702851885924563, 0.8675252989880404, 0.9420423183072677, 0.9337626494940202, 0.9392824287028518, 0.9346826126954921]
[0.8028169014084507, 0.5478547854785478, 0.23636363636363636, 0.23668639053254437, 0.13157894736842105, 0.14492753623188406, 0.013888888888888888, 0.3854166666666667, 0.0]
[0.7360308285163777, 0.9681122448979592, 0.9938587512794268, 0.9869281045751634, 0.9871657754010695, 0.9960707269155207, 0.9990147783251232, 0.992936427850656, 1.0]

0.363385464581
[Finished in 1522.0s]

------TFIDF-----

[0.7552897884084636, 0.8077276908923643, 0.906163753449862, 0.8316467341306347, 0.8666053357865685, 0.954001839926403, 0.9282428702851886, 0.9126034958601656, 0.9402023919043239]
[0.8098591549295775, 0.3230240549828179, 0.0, 0.0, 0.0, 0.0, 0.0, 0.10576923076923077, 0.0]
[0.6955684007707129, 0.9849246231155779, 1.0, 1.0, 1.0, 1.0, 1.0, 0.9979654120040692, 1.0]
500 nodes
0.292548298068


660+s


----Bigram---- 500 nodes
[0.796688132474701, 0.8693652253909844, 0.9070837166513339, 0.8877644894204232, 0.8886844526218951, 0.953081876724931, 0.9392824287028518, 0.9392824287028518, 0.9365225390984361]
[0.788034188034188, 0.6566666666666666, 0.2824427480916031, 0.2929936305732484, 0.13385826771653545, 0.21666666666666667, 0.0, 0.35555555555555557, 0.0]
[0.8067729083665338, 0.9504447268106735, 0.9926778242677824, 0.9881720430107527, 0.9885416666666667, 0.9961051606621227, 0.9960975609756098, 0.9919759277833501, 1.0]

0.409383624655

———TFIDF, 5 classes, 300 nodes————

[0.7828886844526219, 0.828886844526219, 0.8877644894204232, 0.7626494940202392, 0.9300827966881324]
[0.8068376068376069, 0.4744744744744745, 0.06153846153846154, 0.4155495978552279, 0.0]
[0.7549800796812749, 0.9854111405835544, 1.0, 0.9439775910364145, 1.0]
0.434222631095
[Finished in 4104.4s]