Experiment 1 starts
result for 100 nodes
[0.7700091996320148, 0.8068077276908924, 0.8988040478380864, 0.8353265869365225, 0.874885004599816, 0.937442502299908, 0.9383624655013799, 0.9098436062557498, 0.9466421343146274]
[0.7678883071553229, 0.32517482517482516, 0.0, 0.0, 0.0, 0.0, 0.0, 0.13513513513513514, 0.0]
[0.7723735408560312, 0.978776529338327, 1.0, 1.0, 1.0, 1.0, 1.0, 0.9979508196721312, 1.0]
0.301747930083

result for 200 nodes
[0.7773689052437902, 0.812327506899724, 0.8988040478380864, 0.8353265869365225, 0.874885004599816, 0.937442502299908, 0.9383624655013799, 0.9107635694572217, 0.9466421343146274]
[0.8411867364746946, 0.34265734265734266, 0.0, 0.0, 0.0, 0.0, 0.0, 0.14414414414414414, 0.0]
[0.7062256809338522, 0.9800249687890137, 1.0, 1.0, 1.0, 1.0, 1.0, 0.9979508196721312, 1.0]
0.319227230911

result for 300 nodes
[0.7736890524379025, 0.8178472861085556, 0.8988040478380864, 0.8353265869365225, 0.874885004599816, 0.937442502299908, 0.9383624655013799, 0.9107635694572217, 0.9466421343146274]
[0.8080279232111692, 0.3706293706293706, 0.0, 0.0, 0.0, 0.0, 0.0, 0.14414414414414414, 0.0]
[0.7354085603112841, 0.9775280898876404, 1.0, 1.0, 1.0, 1.0, 1.0, 0.9979508196721312, 1.0]
0.320147194112

result for 500 nodes
[0.7709291628334867, 0.828886844526219, 0.8988040478380864, 0.8353265869365225, 0.874885004599816, 0.937442502299908, 0.9383624655013799, 0.9135234590616376, 0.9466421343146274]
[0.7853403141361257, 0.43006993006993005, 0.0, 0.0, 0.0, 0.0, 0.0, 0.17117117117117117, 0.0]
[0.754863813229572, 0.9712858926342073, 1.0, 1.0, 1.0, 1.0, 1.0, 0.9979508196721312, 1.0]
0.316467341306

result for 700 nodes
[0.7755289788408464, 0.8141674333026679, 0.8988040478380864, 0.8353265869365225, 0.874885004599816, 0.937442502299908, 0.9383624655013799, 0.9144434222631095, 0.9466421343146274]
[0.7364746945898778, 0.35664335664335667, 0.0, 0.0, 0.0, 0.0, 0.0, 0.18018018018018017, 0.0]
[0.8190661478599222, 0.9775280898876404, 1.0, 1.0, 1.0, 1.0, 1.0, 0.9979508196721312, 1.0]
0.304507819687




Experiment 2 starts
result for 0 drop out
[0.7727690892364305, 0.797608095676173, 0.8988040478380864, 0.8353265869365225, 0.874885004599816, 0.937442502299908, 0.9383624655013799, 0.9107635694572217, 0.9466421343146274]
[0.806282722513089, 0.2762237762237762, 0.0, 0.0, 0.0, 0.0, 0.0, 0.14414414414414414, 0.0]
[0.7354085603112841, 0.9837702871410736, 1.0, 1.0, 1.0, 1.0, 1.0, 0.9979508196721312, 1.0]
0.303587856486

result for 0.1 drop out
[0.7690892364305428, 0.8150873965041399, 0.8988040478380864, 0.8353265869365225, 0.874885004599816, 0.937442502299908, 0.9383624655013799, 0.9098436062557498, 0.9466421343146274]
[0.8150087260034904, 0.36013986013986016, 0.0, 0.0, 0.0, 0.0, 0.0, 0.13513513513513514, 0.0]
[0.7178988326848249, 0.9775280898876404, 1.0, 1.0, 1.0, 1.0, 1.0, 0.9979508196721312, 1.0]
0.313707451702

result for 0.25 drop out
[0.7773689052437902, 0.7920883164673413, 0.8988040478380864, 0.8353265869365225, 0.874885004599816, 0.937442502299908, 0.9383624655013799, 0.9043238270469182, 0.9466421343146274]
[0.8080279232111692, 0.25524475524475526, 0.0, 0.0, 0.0, 0.0, 0.0, 0.07207207207207207, 0.0]
[0.7431906614785992, 0.9837702871410736, 1.0, 1.0, 1.0, 1.0, 1.0, 0.9989754098360656, 1.0]
0.294388224471

result for 0.4 drop out
[0.7764489420423183, 0.7819687212511499, 0.8988040478380864, 0.8353265869365225, 0.874885004599816, 0.937442502299908, 0.9383624655013799, 0.9024839006439742, 0.9466421343146274]
[0.8289703315881326, 0.19230769230769232, 0.0, 0.0, 0.0, 0.0, 0.0, 0.05405405405405406, 0.0]
[0.7178988326848249, 0.9925093632958801, 1.0, 1.0, 1.0, 1.0, 1.0, 0.9989754098360656, 1.0]
0.287948482061

result for 0.5 drop out
[0.7617295308187673, 0.7626494940202392, 0.8988040478380864, 0.8353265869365225, 0.874885004599816, 0.937442502299908, 0.9383624655013799, 0.8988040478380864, 0.9466421343146274]
[0.8656195462478184, 0.11188811188811189, 0.0, 0.0, 0.0, 0.0, 0.0, 0.018018018018018018, 0.0]
[0.6459143968871596, 0.9950062421972534, 1.0, 1.0, 1.0, 1.0, 1.0, 0.9989754098360656, 1.0]
0.282428702852
[Finished in 6036.4s]